,Ala,Arg,Asn,Asp,Cys,Glu,Gln,Gly,His,Leu/Ile,Lys,Met,Phe,Pro,Ser,Thr,Trp,Tyr,Val
Ala,0.0,-85.06400000000001,-43.00581,-43.98983,-88.993534,-58.00547999999999,-57.021460000000005,14.01565,-66.02179,-42.046949999999995,-57.05784999999999,-60.003370000000004,-76.0313,-26.015649999999994,-15.994910000000004,-30.010559999999998,-115.0422,-92.02618,-28.0313
Arg,85.06400000000001,0.0,42.05819000000001,41.07417000000001,-3.9295339999999896,27.058520000000016,28.042540000000002,99.07965000000002,19.04221000000001,43.01705000000001,28.00615000000002,25.060630000000003,9.032700000000006,59.04835000000001,69.06909,55.05344000000001,-29.978199999999987,-6.962179999999989,57.032700000000006
Asn,43.00581,-42.05819000000001,0.0,-0.984020000000001,-45.987724,-14.999669999999995,-14.015650000000008,57.02146,-23.01598,0.9588600000000014,-14.052039999999991,-16.997560000000007,-33.025490000000005,16.990160000000003,27.010899999999992,12.995249999999999,-72.03639,-49.02037,14.974509999999995
Asp,43.98983,-41.07417000000001,0.984020000000001,0.0,-45.003704,-14.015649999999994,-13.031630000000007,58.00548,-22.031959999999998,1.9428800000000024,-13.06801999999999,-16.013540000000006,-32.041470000000004,17.974180000000004,27.994919999999993,13.97927,-71.05237,-48.03635,15.958529999999996
Cys,88.993534,3.9295339999999896,45.987724,45.003704,0.0,30.988054000000005,31.972073999999992,103.009184,22.971744,46.946584,31.93568400000001,28.990163999999993,12.962233999999995,62.977884,72.99862399999999,58.982974,-26.048665999999997,-3.0326459999999997,60.962233999999995
Glu,58.00547999999999,-27.058520000000016,14.999669999999995,14.015649999999994,-30.988054000000005,0.0,0.9840199999999868,72.02113,-8.016310000000004,15.958529999999996,0.9476300000000037,-1.9978900000000124,-18.02582000000001,31.989829999999998,42.01056999999999,27.994919999999993,-57.03672,-34.020700000000005,29.97417999999999
Gln,57.021460000000005,-28.042540000000002,14.015650000000008,13.031630000000007,-31.972073999999992,-0.9840199999999868,0.0,71.03711000000001,-9.000329999999991,14.97451000000001,-0.03638999999998305,-2.981909999999999,-19.009839999999997,31.00581000000001,41.02655,27.010900000000007,-58.02073999999999,-35.00471999999999,28.990160000000003
Gly,-14.01565,-99.07965000000002,-57.02146,-58.00548,-103.009184,-72.02113,-71.03711000000001,0.0,-80.03744,-56.062599999999996,-71.0735,-74.01902000000001,-90.04695000000001,-40.031299999999995,-30.010560000000005,-44.02621,-129.05785,-106.04183,-42.04695
His,66.02179,-19.04221000000001,23.01598,22.031959999999998,-22.971744,8.016310000000004,9.000329999999991,80.03744,0.0,23.97484,8.963940000000008,6.018419999999992,-10.009510000000006,40.00614,50.02687999999999,36.01123,-49.02041,-26.00439,37.990489999999994
Leu/Ile,42.046949999999995,-43.01705000000001,-0.9588600000000014,-1.9428800000000024,-46.946584,-15.958529999999996,-14.97451000000001,56.062599999999996,-23.97484,0.0,-15.010899999999992,-17.95642000000001,-33.984350000000006,16.0313,26.05203999999999,12.036389999999997,-72.99525,-49.97923,14.015649999999994
Lys,57.05784999999999,-28.00615000000002,14.052039999999991,13.06801999999999,-31.93568400000001,-0.9476300000000037,0.03638999999998305,71.0735,-8.963940000000008,15.010899999999992,0.0,-2.945520000000016,-18.973450000000014,31.042199999999994,41.06293999999998,27.04728999999999,-57.984350000000006,-34.96833000000001,29.026549999999986
Met,60.003370000000004,-25.060630000000003,16.997560000000007,16.013540000000006,-28.990163999999993,1.9978900000000124,2.981909999999999,74.01902000000001,-6.018419999999992,17.95642000000001,2.945520000000016,0.0,-16.027929999999998,33.98772000000001,44.00846,29.992810000000006,-55.03882999999999,-32.02280999999999,31.972070000000002
Phe,76.0313,-9.032700000000006,33.025490000000005,32.041470000000004,-12.962233999999995,18.02582000000001,19.009839999999997,90.04695000000001,10.009510000000006,33.984350000000006,18.973450000000014,16.027929999999998,0.0,50.01565000000001,60.03639,46.02074,-39.01089999999999,-15.994879999999995,48.0
Pro,26.015649999999994,-59.04835000000001,-16.990160000000003,-17.974180000000004,-62.977884,-31.989829999999998,-31.00581000000001,40.031299999999995,-40.00614,-16.0313,-31.042199999999994,-33.98772000000001,-50.01565000000001,0.0,10.02073999999999,-3.9949100000000044,-89.02655,-66.01053,-2.015650000000008
Ser,15.994910000000004,-69.06909,-27.010899999999992,-27.994919999999993,-72.99862399999999,-42.01056999999999,-41.02655,30.010560000000005,-50.02687999999999,-26.05203999999999,-41.06293999999998,-44.00846,-60.03639,-10.02073999999999,0.0,-14.015649999999994,-99.04728999999999,-76.03126999999999,-12.036389999999997
Thr,30.010559999999998,-55.05344000000001,-12.995249999999999,-13.97927,-58.982974,-27.994919999999993,-27.010900000000007,44.02621,-36.01123,-12.036389999999997,-27.04728999999999,-29.992810000000006,-46.02074,3.9949100000000044,14.015649999999994,0.0,-85.03164,-62.01562,1.9792599999999965
Trp,115.0422,29.978199999999987,72.03639,71.05237,26.048665999999997,57.03672,58.02073999999999,129.05785,49.02041,72.99525,57.984350000000006,55.03882999999999,39.01089999999999,89.02655,99.04728999999999,85.03164,0.0,23.016019999999997,87.01089999999999
Tyr,92.02618,6.962179999999989,49.02037,48.03635,3.0326459999999997,34.020700000000005,35.00471999999999,106.04183,26.00439,49.97923,34.96833000000001,32.02280999999999,15.994879999999995,66.01053,76.03126999999999,62.01562,-23.016019999999997,0.0,63.994879999999995
Val,28.0313,-57.032700000000006,-14.974509999999995,-15.958529999999996,-60.962233999999995,-29.97417999999999,-28.990160000000003,42.04695,-37.990489999999994,-14.015649999999994,-29.026549999999986,-31.972070000000002,-48.0,2.015650000000008,12.036389999999997,-1.9792599999999965,-87.01089999999999,-63.994879999999995,0.0
